#1M-trends
NZDCHF1M:020
GBPNZD1M:101
USDMXN1M:021
NZDCAD1M:202
EURUSD1M:201
GBPUSD1M:201
USDJPY1M:121
USDCHF1M:010
USDCAD1M:010
USDHKD1M:020
US30USD1M:020
SILVER1M:102
SPX1M:020
AU200AUD1M:020
#mail
mailMsg:OANDA:US30USD: 🔴
mailEntry:
tradingApiToken:eyJhbGciOiJIUzI1NiJ9.eyJpc3MiOiJNdHIgVHJhZGluZyBBcGkiLCJ0cmFkaW5nQWNjb3VudElkIjoiMTAwMjc5OTEwIiwiZW1haWwiOiJjb25uZWN0MmFudXJhZ3NAZ21haWwuY29tIiwicGFydG5lcklkIjoiMSIsImlhdCI6MTc0MzE2NzE0MCwiZXhwIjo0NjIyNDcwNDIyfQ.ODUMlNSdCfoHBICRfTZIyDelVHa9ems32LwJI2h9Fvs
Cookie:co-auth=eyJhbGciOiJIUzI1NiIsInR5cCI6IkpXVCJ9.eyJhY2NvdW50X3V1aWQiOiI0NjNmZjlmMi1lNzk4LTQzMTMtYjQ4Zi0wYjMwMjJiZjU1YzQiLCJtYW5hZ2VyX3Njb3BlIjoiNDYzZmY5ZjItZTc5OC00MzEzLWI0OGYtMGIzMDIyYmY1NWM0IiwidXNlcl9uYW1lIjoiY29ubmVjdDJhbnVyYWdzQGdtYWlsLmNvbToxIiwiZmwiOm51bGwsInNjb3BlIjpbXSwicGFydG5lcklkIjoxLCJleHAiOjE3NDMxNjgwNDAsImp0aSI6ImUxNmI4ZWMwLWE5OTktNGMyOC05MzcxLTgwMTk0NGY4NjViMiIsImVtYWlsIjoiY29ubmVjdDJhbnVyYWdzQGdtYWlsLmNvbSIsImF1dGhvcml0aWVzIjpbIkVNQUlMX1JFQUQiLCJQSE9ORV9SRUFEIiwiUk9MRV9VU0VSIiwiVVNFUiJdLCJjbGllbnRfaWQiOiJsaXZlTXRyMUNsaWVudCJ9.J4u8mfaKLqsJ_qjjcahBaxxzX6zSovYopsfVYZ9yIEQ
systemUuid:f7219d50-5c86-44e3-90b7-209088d17da2
#Liquidity
HST-F:1740173940000
LST-F:1740491580000
HST:NULL
LST:NULL
H:1.04618 1.04662 1.04643 1.04623 1.04618 1.04606 1.04679 1.04846 1.04997 1.05124 1.05241 1.05282 1.04722 1.04753 1.04855 1.04684 1.04694 1.05282
L:1.04505 1.4568 1.04602 1.04587 1.04573 1.04583 1.04573 1.04584 1.04776 1.04716 1.04902 1.05021 1.05155 1.05200 1.05169 1.05115 1.05110 1.05100 1.05010 1.04864 1.04694 1.04746 1.04781 1.04666 1.04636 1.04670 1.04599 1.04606 1.04643 1.04525 1.04632 1.04607 1.04698 1.04599 1.04524 1.04705 1.04616 1.04633 1.04596 1.04604 1.04603 1.04653 1.04713 1.04722 1.04720 1.04724 1.04665 1.04584 1.04683 1.04649 1.04881 1.04929
