#alerts
EU:0
#EU-trends
EU1:010
EU5:201
EU15:020
EU4H:020
EU1D:010
EU1W:010
#Max-Vals
CCI1EU:-168.0689
CCI5EU:-154.44789
CCI15EU:293.32718
CCI4HEU:175.17566
CCI1DEU:-221.79
CCI1WEU:-227.08
#mail
mailMsg:EURUSD 🔥 SELL
mailEntry:
tradingApiToken:eyJhbGciOiJIUzI1NiJ9.eyJpc3MiOiJNdHIgVHJhZGluZyBBcGkiLCJ0cmFkaW5nQWNjb3VudElkIjoiMTA0NDUiLCJlbWFpbCI6ImRlbW8rZnRwQGZ1bmRlZHRyYWRpbmdwbHVzLmNvbSIsInBhcnRuZXJJZCI6IjEiLCJpYXQiOjE3NDA1NjkzMzMsImV4cCI6NDYyMjQ3MDQyMn0.W7mPLjvuBdq44pFQIU_5EqGf5cER7cMt_istbj1C7DQ
Cookie:co-auth=eyJhbGciOiJIUzI1NiIsInR5cCI6IkpXVCJ9.eyJhY2NvdW50X3V1aWQiOiJhY2YwYmVkYi0xNjViLTQ3NjQtOWQyMC0xZmI1YTViNGQzYzgiLCJtYW5hZ2VyX3Njb3BlIjoiYWNmMGJlZGItMTY1Yi00NzY0LTlkMjAtMWZiNWE1YjRkM2M4IiwidXNlcl9uYW1lIjoiZGVtbytmdHBAZnVuZGVkdHJhZGluZ3BsdXMuY29tOjEiLCJmbCI6bnVsbCwic2NvcGUiOltdLCJwYXJ0bmVySWQiOjEsImV4cCI6MTc0MDU3MDIzMywianRpIjoiMTMxOTYxYzQtYWNjNi00OWJkLWJiYjQtZmQyNzExZDc4ZjNkIiwiZW1haWwiOiJkZW1vK2Z0cEBmdW5kZWR0cmFkaW5ncGx1cy5jb20iLCJhdXRob3JpdGllcyI6WyJFTUFJTF9SRUFEIiwiUEhPTkVfUkVBRCIsIlJPTEVfVVNFUiIsIlVTRVIiXSwiY2xpZW50X2lkIjoibGl2ZU10cjFDbGllbnQifQ.9JaTomzdxI4g2aJupEreW0Uwi1e6Kiii1hEcgsErhsg
systemUuid:8dbda809-a3c1-4ebf-811f-cf8d21a1cb39
#Liquidity
HST-F:1740173940000
LST-F:1740491580000
HST:NULL
LST:NULL
H:1.04618 1.04662 1.04643 1.04623 1.04618 1.04606 1.04679 1.04846 1.04997 1.05124 1.05241 1.05282 1.04722 1.04753 1.04855 1.04684 1.04694 1.05282
L:1.04505 1.4568 1.04602 1.04587 1.04573 1.04583 1.04573 1.04584 1.04776 1.04716 1.04902 1.05021 1.05155 1.05200 1.05169 1.05115 1.05110 1.05100 1.05010 1.04864 1.04694 1.04746 1.04781 1.04666 1.04636 1.04670 1.04599 1.04606 1.04643 1.04525 1.04632 1.04607 1.04698 1.04599 1.04524 1.04705 1.04616 1.04633 1.04596 1.04604 1.04603 1.04653 1.04713 1.04722 1.04720 1.04724 1.04665 1.04584 1.04683 1.04649 1.04881 1.04929
