#30-trends
XU30:010
EU30:010
GU30:010
UJ30:020
#4H-trends
XU4H:020
EU4H:101
GU4H:101
UJ4H:010
#1D-trends
XU1D:020
EU1D:201
GU1D:020
UJ1D:101
#1W-trends
XU1W:202
EU1W:202
GU1W:202
UJ1W:201
#maxXAUUSD-vals
CCI30XU:0
CCI4HXU:0
CCI1DXU:0
CCI1WXU:125.61681
#maxEURUSD-vals
CCI30EU:0
CCI4HEU:-109.30961
CCI1DEU:-112.432625
CCI1WEU:100.704636
#maxGBPUSD-vals
CCI30GU:0
CCI4HGU:-130.53859
CCI1DGU:0
CCI1WGU:102.29399
#maxUSDJPY-vals
CCI30UJ:0
CCI4HUJ:0
CCI1DUJ:-119.83819
CCI1WUJ:-137.84215
